00,00,00,00,00,00,00,00,00,00,00,00,00,00,
00,00,00,00,00,00,00,00,00,00,00,00,00,00,
00,00,00,00,00,00,00,00,00,00,00,00,00,00,
00,00,00,00,00,00,00,00,00,00,00,00,00,00,
00,00,00,00,00,00,00,00,00,00,00,00,00,00,
00,00,00,00,00,00,00,00,00,00,00,00,00,00,
00,00,00,00,00,00,00,00,00,00,00,00,00,00,
00,00,00,00,00,00,00,00,00,00,00,00,00,00,
00,00,00,00,00,00,00,00,00,00,00,00,00,00,
00,00,00,00,00,00,00,00,00,00,00,00,00,00,
00,00,00,00,00,00,00,00,00,00,00,00,00,00,
00,00,00,00,00,00,00,00,00,00,00,00,00,00,
00,00,00,00,00,00,00,00,00,00,00,00,00,00,
00,00,00,00,00,00,00,00,00,00,00,00,00,00,
00,00,00,00,00,00,00,00,00,00,00,00,00,00,
00,00,00,00,00,00,00,00,00,00,00,00,00,00,
00,00,03,05,03,04,06,01,03,05,03,06,03,05,
03,03,06,03,04,0a,08,0d,06,0b,08,0a,03,09,
01,0c,01,08,00,01,01,07,01,08,01,0d,01,09,
0a,0c,09,0f,0c,0d,05,00,01,04,01,02,03,0e,
02,06,07,0f,05,0e,0e,0d,0b,00,0a,0c,04,06,
01,04,01,02,0c,0b,05,0e,03,0e,07,0f,0e,0b,
06,01,0a,0a,00,04,03,00,01,02,01,0d,0a,0a,
03,0b,03,0a,0a,0a,00,02,03,07,02,09,04,03,
02,0d,00,03,0a,0a,01,0e,04,03,03,09,01,0b,
0a,0a,03,08,04,03,03,07,01,0b,0a,0a,00,06,
00,01,04,03,00,06,01,0b,0a,0a,00,02,00,03,
0a,0a,00,08,00,07,0a,0a,02,08,02,07,0a,0a,
02,0a,03,0d,03,0c,00,0a,0a,0a,00,0d,00,09,
0a,0a,02,0c,00,0c,0a,0a,02,0b,00,0b,0a,0a,
02,0a,00,0a,04,09,06,07,0b,02,0d,05,05,0a,
05,0e,0f,09,0d,05,0d,09,05,09,05,0e,0f,08,
0d,05,0d,08,05,0a,05,0e,0d,05,05,08,05,0e,
0d,05,05,0b,05,0e,06,0a,08,0b,08,0c,0f,07,
0d,05,0d,07,05,08,05,0e,0f,06,0d,05,0d,06,
05,0b,05,0e,0d,05,05,09,05,0e,0d,05,05,0a,
05,0e,0f,04,00,0e,0d,04,05,05,0b,02,00,0e,
05,06,0b,02,00,0e,05,04,0b,02,0f,03,00,0e,
0d,03,05,03,0b,02,00,0e,05,00,03,00,07,0f,
09,0f,0a,0e,0f,01,00,0e,0d,01,05,07,0a,0e,
00,0e,05,01,0a,0e,00,0e,05,02,0a,0e,00,0e,
05,00,05,03,04,07,03,00,04,07,04,07,03,00,
03,01,01,0b,0a,0e,02,00,0b,00,01,07,01,05,
0f,0a,00,0e,03,08,01,01,0e,0e,00,0e,00,00,
05,00,07,00,01,02,01,0d,01,03,0c,0c,05,0e,
0c,00,00,00,05,00,07,0f,03,0f,0e,0c,00,0e,
07,0f,0f,05,05,0e,0f,02,00,00,05,00,07,0f,
02,0e,0e,0a,00,0e,04,0d,04,0c,04,0d,0f,00,
00,00,00,00,00,00,00,00,00,00,00,00,00,00,
00,00,00,00,00,00,00,00,00,00,00,00,00,00,
00,00,00,00,00,00,00,00,00,00,00,00,00,00,
00,00,00,00,00,00,00,00,00,00,00,00,00,00,
00,00,00,00,00,00,00,00,00,00,00,00,00,00,
00,00,00,00,00,00,00,00,00,00,00,00,00,00,
00,00,00,00,00,00,00,00,00,00,00,00,00,00,
00,00,00,00,00,00,00,00,00,00,00,00,00,00,
00,00,00,00,00,00,00,00,00,00,00,00,00,00,
00,00,00,00,00,00,00,00,00,00,00,00,00,00,
00,00,00,00,00,00,00,00,00,00,00,00,00,00,
00,00,00,00,00,00,00,00,00,00,00,00,00,00,
00,00,00,00,00,00,00,00,00,00,00,00,00,00,
00,00,00,00,00,00,00,00,00,00,00,00,00,00,
00,00,00,00,00,00,01,02,02,02,01,00,00,01,
04,00,09,00,02,02,02,04,00,00,0f,00,02,0f,
00,#0x2E312E,#0xF0F0F0,#0xF5A434,
'Diagnostic Program','Start',' ',' ',' ',' ',' ',' ',' ',' ',' ','SD-15C',